19
28
37
46
55
64
73
82
91
109
118
127
136
145
154
163
172
181
191
208
217
226
235
244
253
262
271
282
307
316
325
334
343
352
361
373
406
415
424
433
442
451
464
505
514
523
532
541
555
604
613
622
631
646
703
712
721
737
802
811
828
901
919
1009
1018
1027
1036
1045
1054
1063
1072
1081
1091
1108
1117
1126
1135
1144
1153
1162
1171
1181
1207
1216
1225
1234
1243
1252
1261
1271
1306
1315
1324
1333
1342
1351
1361
1405
1414
1423
1432
1441
1451
1504
1513
1522
1531
1541
1603
1612
1621
1631
1702
1711
1721
1801
1811
1901
1919
2008
2017
2026
2035
2044
2053
2062
2071
2082
2107
2116
2125
2134
2143
2152
2161
2172
2206
2215
2224
2233
2242
2251
2262
2305
2314
2323
2332
2341
2352
2404
2413
2422
2431
2442
2503
2512
2521
2532
2602
2611
2622
2701
2712
2802
2811
2828
3007
3016
3025
3034
3043
3052
3061
3073
3106
3115
3124
3133
3142
3151
3163
3205
3214
3223
3232
3241
3253
3304
3313
3322
3331
3343
3403
3412
3421
3433
3502
3511
3523
3601
3613
3703
3712
3721
3737
4006
4015
4024
4033
4042
4051
4064
4105
4114
4123
4132
4141
4154
4204
4213
4222
4231
4244
4303
4312
4321
4334
4402
4411
4424
4501
4514
4604
4613
4622
4631
4646
5005
5014
5023
5032
5041
5055
5104
5113
5122
5131
5145
5203
5212
5221
5235
5302
5311
5325
5401
5415
5505
5514
5523
5532
5541
5555
6004
6013
6022
6031
6046
6103
6112
6121
6136
6202
6211
6226
6301
6316
6406
6415
6424
6433
6442
6451
6464
7003
7012
7021
7037
7102
7111
7127
7201
7217
7307
7316
7325
7334
7343
7352
7361
7373
8002
8011
8028
8101
8118
8208
8217
8226
8235
8244
8253
8262
8271
8282
9001
9019
9109
9118
9127
9136
9145
9154
9163
9172
9181
9191
10009
10018
10027
10036
10045
10054
10063
10072
10081
10091
10108
10117
10126
10135
10144
10153
10162
10171
10181
10207
10216
10225
10234
10243
10252
10261
10271
10306
10315
10324
10333
10342
10351
10361
10405
10414
10423
10432
10441
10451
10504
10513
10522
10531
10541
10603
10612
10621
10631
10702
10711
10721
10801
10811
10901
10919
11008
11017
11026
11035
11044
11053
11062
11071
11081
11107
11116
11125
11134
11143
11152
11161
11171
11206
11215
11224
11233
11242
11251
11261
11305
11314
11323
11332
11341
11351
11404
11413
11422
11431
11441
11503
11512
11521
11531
11602
11611
11621
11701
11711
11801
11811
12007
12016
12025
12034
12043
12052
12061
12071
12106
12115
12124
12133
12142
12151
12161
12205
12214
12223
12232
12241
12251
12304
12313
12322
12331
12341
12403
12412
12421
12431
12502
12511
12521
12601
12611
12701
12712
13006
13015
13024
13033
13042
13051
13061
13105
13114
13123
13132
13141
13151
13204
13213
13222
13231
13241
13303
13312
13321
13331
13402
13411
13421
13501
13511
13601
13613
14005
14014
14023
14032
14041
14051
14104
14113
14122
14131
14141
14203
14212
14221
14231
14302
14311
14321
14401
14411
14501
14514
15004
15013
15022
15031
15041
15103
15112
15121
15131
15202
15211
15221
15301
15311
15401
15415
16003
16012
16021
16031
16102
16111
16121
16201
16211
16301
16316
17002
17011
17021
17101
17111
17201
17217
18001
18011
18101
18118
19001
19019
19109
19118
19127
19136
19145
19154
19163
19172
19181
19191
20008
20017
20026
20035
20044
20053
20062
20071
20082
20107
20116
20125
20134
20143
20152
20161
20172
20206
20215
20224
20233
20242
20251
20262
20305
20314
20323
20332
20341
20352
20404
20413
20422
20431
20442
20503
20512
20521
20532
20602
20611
20622
20701
20712
20802
20811
20828
21007
21016
21025
21034
21043
21052
21061
21072
21106
21115
21124
21133
21142
21151
21162
21205
21214
21223
21232
21241
21252
21304
21313
21322
21331
21342
21403
21412
21421
21432
21502
21511
21522
21601
21612
21702
21711
21721
22006
22015
22024
22033
22042
22051
22062
22105
22114
22123
22132
22141
22152
22204
22213
22222
22231
22242
22303
22312
22321
22332
22402
22411
22422
22501
22512
22602
22611
22622
23005
23014
23023
23032
23041
23052
23104
23113
23122
23131
23142
23203
23212
23221
23232
23302
23311
23322
23401
23412
23502
23511
23523
24004
24013
24022
24031
24042
24103
24112
24121
24132
24202
24211
24222
24301
24312
24402
24411
24424
25003
25012
25021
25032
25102
25111
25122
25201
25212
25302
25311
25325
26002
26011
26022
26101
26112
26202
26211
26226
27001
27012
27102
27111
27127
28002
28011
28028
28101
28118
28208
28217
28226
28235
28244
28253
28262
28271
28282
30007
30016
30025
30034
30043
30052
30061
30073
30106
30115
30124
30133
30142
30151
30163
30205
30214
30223
30232
30241
30253
30304
30313
30322
30331
30343
30403
30412
30421
30433
30502
30511
30523
30601
30613
30703
30712
30721
30737
31006
31015
31024
31033
31042
31051
31063
31105
31114
31123
31132
31141
31153
31204
31213
31222
31231
31243
31303
31312
31321
31333
31402
31411
31423
31501
31513
31603
31612
31621
31631
32005
32014
32023
32032
32041
32053
32104
32113
32122
32131
32143
32203
32212
32221
32233
32302
32311
32323
32401
32413
32503
32512
32521
32532
33004
33013
33022
33031
33043
33103
33112
33121
33133
33202
33211
33223
33301
33313
33403
33412
33421
33433
34003
34012
34021
34033
34102
34111
34123
34201
34213
34303
34312
34321
34334
35002
35011
35023
35101
35113
35203
35212
35221
35235
36001
36013
36103
36112
36121
36136
37003
37012
37021
37037
37102
37111
37127
37201
37217
37307
37316
37325
37334
37343
37352
37361
37373
40006
40015
40024
40033
40042
40051
40064
40105
40114
40123
40132
40141
40154
40204
40213
40222
40231
40244
40303
40312
40321
40334
40402
40411
40424
40501
40514
40604
40613
40622
40631
40646
41005
41014
41023
41032
41041
41054
41104
41113
41122
41131
41144
41203
41212
41221
41234
41302
41311
41324
41401
41414
41504
41513
41522
41531
41541
42004
42013
42022
42031
42044
42103
42112
42121
42134
42202
42211
42224
42301
42314
42404
42413
42422
42431
42442
43003
43012
43021
43034
43102
43111
43124
43201
43214
43304
43313
43322
43331
43343
44002
44011
44024
44101
44114
44204
44213
44222
44231
44244
45001
45014
45104
45113
45122
45131
45145
46004
46013
46022
46031
46046
46103
46112
46121
46136
46202
46211
46226
46301
46316
46406
46415
46424
46433
46442
46451
46464
50005
50014
50023
50032
50041
50055
50104
50113
50122
50131
50145
50203
50212
50221
50235
50302
50311
50325
50401
50415
50505
50514
50523
50532
50541
50555
51004
51013
51022
51031
51045
51103
51112
51121
51135
51202
51211
51225
51301
51315
51405
51414
51423
51432
51441
51451
52003
52012
52021
52035
52102
52111
52125
52201
52215
52305
52314
52323
52332
52341
52352
53002
53011
53025
53101
53115
53205
53214
53223
53232
53241
53253
54001
54015
54105
54114
54123
54132
54141
54154
55005
55014
55023
55032
55041
55055
55104
55113
55122
55131
55145
55203
55212
55221
55235
55302
55311
55325
55401
55415
55505
55514
55523
55532
55541
55555
60004
60013
60022
60031
60046
60103
60112
60121
60136
60202
60211
60226
60301
60316
60406
60415
60424
60433
60442
60451
60464
61003
61012
61021
61036
61102
61111
61126
61201
61216
61306
61315
61324
61333
61342
61351
61361
62002
62011
62026
62101
62116
62206
62215
62224
62233
62242
62251
62262
63001
63016
63106
63115
63124
63133
63142
63151
63163
64006
64015
64024
64033
64042
64051
64064
64105
64114
64123
64132
64141
64154
64204
64213
64222
64231
64244
64303
64312
64321
64334
64402
64411
64424
64501
64514
64604
64613
64622
64631
64646
70003
70012
70021
70037
70102
70111
70127
70201
70217
70307
70316
70325
70334
70343
70352
70361
70373
71002
71011
71027
71101
71117
71207
71216
71225
71234
71243
71252
71261
71271
72001
72017
72107
72116
72125
72134
72143
72152
72161
72172
73007
73016
73025
73034
73043
73052
73061
73073
73106
73115
73124
73133
73142
73151
73163
73205
73214
73223
73232
73241
73253
73304
73313
73322
73331
73343
73403
73412
73421
73433
73502
73511
73523
73601
73613
73703
73712
73721
73737
80002
80011
80028
80101
80118
80208
80217
80226
80235
80244
80253
80262
80271
80282
81001
81018
81108
81117
81126
81135
81144
81153
81162
81171
81181
82008
82017
82026
82035
82044
82053
82062
82071
82082
82107
82116
82125
82134
82143
82152
82161
82172
82206
82215
82224
82233
82242
82251
82262
82305
82314
82323
82332
82341
82352
82404
82413
82422
82431
82442
82503
82512
82521
82532
82602
82611
82622
82701
82712
82802
82811
82828
90001
90019
90109
90118
90127
90136
90145
90154
90163
90172
90181
90191
91009
91018
91027
91036
91045
91054
91063
91072
91081
91091
91108
91117
91126
91135
91144
91153
91162
91171
91181
91207
91216
91225
91234
91243
91252
91261
91271
91306
91315
91324
91333
91342
91351
91361
91405
91414
91423
91432
91441
91451
91504
91513
91522
91531
91541
91603
91612
91621
91631
91702
91711
91721
91801
91811
91901
91919
1461
