10000000 2000000 158
71670
35200
45270
70848
68453
57037
60376
33511
46440
36711
52115
43963
34977
47562
45835
41293
51082
74724
53144
51404
46522
36355
44641
55498
46694
56383
35572
43708
47301
48556
34981
38971
53757
50252
79820
42210
43641
76548
62073
76434
49612
34189
40397
54589
68103
72585
32234
39185
67309
55379
60590
33831
61734
41583
75681
44780
67966
47606
74840
35267
66162
46174
44239
56271
32778
60411
34833
46419
56959
66907
42853
76571
71096
69603
67512
75551
62188
69747
34736
65849
45126
31678
36033
43212
43262
31714
74344
31228
49320
35536
36496
51835
51710
67087
44458
54488
47498
49292
37260
74457
52551
66465
37381
59999
56068
74893
55550
54608
64640
60286
40458
46118
61965
46491
75682
41579
48205
36378
42807
33878
41915
65655
72065
79977
52742
52875
70818
70240
72167
44430
31050
61070
30895
38431
41069
73316
49676
66619
47924
50669
46906
58382
33139
45223
41225
78822
56802
75783
51552
69609
46013
79819
55265
38078
46149
44359
60953
36967